frame_number,timeframe,angry,disgust,fear,happy,neutral,sad,surprise
0,0.0,3.691918709702268,1.6292245484613288e-06,5.8239108777182125,77.42055516673464,0.5702188136970411,12.303520520006403,0.18987428291687466
1,0.03333333333333333,8.763376952413065,4.713765110917343e-07,12.505150310814422,35.773919375777865,3.7041725118911386,39.2161831082281,0.037197269498889414
2,0.06666666666666667,5.944584371736542,5.922018048550956e-07,9.011098090927286,78.3405133269855,0.49153161745173124,5.411026310441799,0.8012456902553363
3,0.1,0.3151473420051548,1.8381188321958744e-09,0.7614683785471107,98.55943256992147,0.007379724925084001,0.2528118112791728,0.10376017148389703
4,0.13333333333333333,0.28159377135994734,6.402988344838505e-08,16.629100378654346,57.88761562796678,0.0004064638818074795,0.0100652261194796,25.19121846798776
5,0.16666666666666666,0.03770403045159536,9.85169816152108e-09,1.576213314231669,96.09006354143868,0.0004203228794971574,0.002722247592155679,2.2928765335547014
6,0.2,0.656138073958387,1.0789700570965654e-06,17.670105205278322,79.9690535896829,0.0020053613989048273,0.004829159244926393,1.6978675314665002
7,0.23333333333333334,5.180889613196095,3.6242942807593593e-06,62.650844438918874,21.20096783816644,0.00028156884095412193,0.0026128216049352395,10.964400094978416
8,0.26666666666666666,0.059706396074573155,2.611741323386749e-11,0.1898302532130124,99.67874035989689,7.600555408975881e-09,2.6774897175977963e-07,0.07172271543988282
9,0.3,0.0017901107493234474,1.7243990566761442e-14,0.0016976755293580121,99.99608911673543,1.6356001141695782e-08,5.014279173019308e-07,0.0004225792019465515
10,0.3333333333333333,0.04091397599526704,1.9327192105763071e-13,0.013042269611117182,99.94584283791886,3.105015006250161e-09,1.517969298300186e-06,0.00019939540023893257
11,0.36666666666666664,16.348173975001085,1.6200336756967906e-07,82.13915261221446,0.8191049725643331,0.2214024012796556,0.4720623500454002,0.00010352689169735392
12,0.4,14.719599685885926,6.706374436089159e-09,79.69375361270721,5.216131057856142,0.19771605999356298,0.17275297085428473,4.660599649738981e-05
13,0.43333333333333335,12.587851263046174,4.601515549111706e-08,87.11255176917125,0.13946735973256508,0.03376092057124368,0.12633107812456362,3.756333903757195e-05
14,0.4666666666666667,12.594443814972802,1.0775791285201214e-10,85.08956008797496,2.1995194702212597,0.10275918965865886,0.0130773655578183,0.0006400715067387824
15,0.5,3.084609359469091,1.30736475930929e-09,96.55009158216099,0.3225040039512344,0.0134357770226456,0.029277721872246466,8.155421642203403e-05
16,0.5333333333333333,3.1042531986100257,1.6623132884874785e-09,96.29541918487762,0.5609849285488294,0.0155269294236499,0.023690330957055316,0.00012542592050195878
17,0.5666666666666667,3.4966986676384737,1.532146287034646e-09,95.89900388124806,0.5588796929065619,0.017864287681809775,0.02744989182534069,0.00010357716761322011
18,0.6,3.348069459773486,1.0510332495733165e-09,95.49616662896932,1.1235985306764624,0.012531369490246483,0.019484427011311842,0.00014958302812760168
19,0.6333333333333333,1.779675663702814,1.4701495632260162e-11,62.27040920645249,35.94817286726963,0.0003409200989267227,0.0011153484811382626,0.00028599398029140806
20,0.6666666666666666,4.346338539250412,3.7859271960591436e-10,46.986265670402126,48.658551419337414,0.004987024520472046,0.0037846052553943766,7.274085559107448e-05
21,0.7,2.537223488087831,6.435698349277528e-10,94.56606024307257,2.8893519455357737,0.004427819541809541,0.002894903481588905,4.159963685894366e-05
22,0.7333333333333333,2.761727407383687,9.322637355013997e-10,43.12959348000878,54.106873708016245,0.0015578081854474945,0.00015190935422675303,9.568611935193501e-05
23,0.7666666666666667,3.9612724205679717,2.937662526296443e-09,78.39620477590819,17.605411485761778,0.029989918971209895,0.007073839306031563,4.75565471594951e-05
24,0.8,3.371017463703363,1.564996566064266e-10,49.76243180118154,46.86125349115378,0.00319447394838102,0.00200047014128943,0.00010229971514450156
25,0.8333333333333334,3.2901028915534494,1.8821660170029785e-10,59.65388810529312,37.05064528416673,0.00346800504339072,0.0017876496105528148,0.00010806414453457618
26,0.8666666666666667,2.6063671662295778,1.8506614897055351e-10,57.554458445980515,39.83444906106651,0.0032557704805200294,0.0013105180378615014,0.00015903801994562522
27,0.9,3.30520954848722,2.2455824548102193e-10,46.25031297279622,50.44124933772969,0.00212986107851279,0.0009328556386781737,0.0001654240451227269
28,0.9333333333333333,3.058226941106899,2.8819012919485933e-10,29.64134192794136,67.29836410540473,0.001398317079113706,0.0004308756126572211,0.0002378325670411184
29,0.9666666666666667,2.9035953312015,2.798319904996668e-10,20.961929501938016,76.13311876773774,0.000837678712166022,0.00026087515846617186,0.0002578449722823397
30,1.0,2.9851858146984855,2.953486470579719e-10,20.848036213383203,76.16526630990882,0.0009751699695913234,0.0002855893454032943,0.00025090239915359484
31,1.0333333333333334,2.753534810301238,2.1427414164216857e-10,13.344120481307028,83.90122338934796,0.0007229698624849781,0.00017309576414594176,0.00022525320287697533
32,1.0666666666666667,3.402168357592492,3.75161322882511e-10,12.955954876029537,83.64057077269955,0.0008231097256872009,0.0002185827759649889,0.00026430080161018424
33,1.1,3.0954917152682038,3.23601988156777e-10,10.645553215122867,86.25764640559844,0.0008257063002863585,0.0001961549695290356,0.00028680241708585794
34,1.1333333333333333,3.59049653130833,3.5983443369135167e-10,13.918169906322408,82.48969946811546,0.0009954070116065434,0.0003031127793898482,0.0003355741029681158
35,1.1666666666666667,4.97597884314835,4.3079525929164986e-10,23.49658994074264,71.52505187663216,0.001492885950216512,0.0005708554212145521,0.0003155976746157779
36,1.2,4.908006756925716,3.97982104098671e-10,23.125346298801944,71.96427211422366,0.0015106628907930859,0.0005521731678468887,0.00031199359205353824
37,1.2333333333333334,5.799730351245929,4.846720316500446e-10,29.21306793965352,64.98393494525759,0.0021973496137852665,0.0007660202639981034,0.00030339348050557587
38,1.2666666666666666,5.893527883338848,3.5607130315218937e-10,31.497281692680843,62.60566688446217,0.002377595991941013,0.0008849984524845451,0.0002609447176498525
39,1.3,5.124888002017185,3.519835803824928e-10,33.32082148861897,61.55027364837411,0.002807509833647044,0.0009386221207355264,0.0002707286833687145
40,1.3333333333333333,4.187540571601666,3.1022916006940284e-10,45.47641233584382,50.32952113249547,0.004787605116101223,0.0014535902567969325,0.0002847643759268794
41,1.3666666666666667,4.2996169596028455,3.637717973185062e-10,47.68744455799105,48.007247302215625,0.004059397328806269,0.0013512954153171016,0.0002804870825890857
42,1.4,4.183046752488627,3.8064492913259595e-10,50.78893586445725,45.02148282674588,0.004693854395681961,0.0015546177520277611,0.00028608377988417906
43,1.4333333333333333,3.7315346354672214,3.3825571391792603e-10,50.33068161749761,45.93205298092245,0.003990455632753379,0.0014477826365579,0.00029252750514946333
44,1.4666666666666666,3.14369709773165,3.0003658865117803e-10,51.34981055275011,45.50039275850527,0.004300883481861386,0.001479888697303563,0.0003188185337669255
45,1.5,3.0031655937320845,2.621688160404368e-10,47.9325309787375,49.059508745945884,0.0032777464101912588,0.0011912571247660083,0.0003256777874052414
46,1.5333333333333334,2.928143196982628,2.6060587781706477e-10,49.34518678234561,47.72092731742211,0.004036688466568256,0.0014314160660039126,0.000274598456474948
47,1.5666666666666667,3.6304016050764476,3.7735982273694626e-10,55.70392667642018,40.66022975595189,0.0035120633046063516,0.0016444892200079859,0.00028540964951732066
48,1.6,3.575574326089067,3.767176337981834e-10,53.80166311355074,42.61703302795502,0.0037434802887768557,0.0016978660351135552,0.00028818570458451226
49,1.6333333333333333,3.687773257168652,4.364091976240448e-10,57.8460332172973,38.459331543227314,0.004406850411634479,0.0021920392405425757,0.00026309221814444867
50,1.6666666666666667,4.135613903113388,5.354492475977931e-10,60.4916515103347,35.36482763863992,0.004941296737520155,0.002703295841002962,0.00026235479801393625
51,1.7,4.015935352731083,6.326968684161134e-10,62.401618754276676,33.57430515806741,0.005121702085322787,0.002722482081134931,0.00029655012567294864
52,1.7333333333333334,4.288897038588136,6.900158155899279e-10,63.31576882561604,32.386122062169775,0.005676812156764262,0.003243755145405385,0.0002915056338583766
53,1.7666666666666666,3.6758707109397144,5.11901899709133e-10,68.56237762966829,27.752334904651164,0.005921164794350751,0.0032107489017164114,0.00028484053285611727
54,1.8,3.667465052844874,5.006257834987504e-10,67.91291608178632,28.40992367621486,0.00610001222111767,0.0033130001603757127,0.00028217627183282516
55,1.8333333333333333,4.217583414410011,4.1071167256671023e-10,65.90814165863502,29.866574270711567,0.004797749770809345,0.0026898931623407156,0.0002130128995411848
56,1.8666666666666667,3.7294011583097433,3.483176639615869e-10,58.587789566996484,37.67718674776442,0.0036543213374520735,0.0016653115389850882,0.00030289370459187035
57,1.9,4.5713953147778925,2.779827985090561e-10,55.11196788309366,40.310188664046095,0.004469602884862051,0.0017611078671662137,0.0002174270523473184
58,1.9333333333333333,4.80299522576952,2.6764773405721753e-10,52.14255507139002,43.048528290734886,0.004029544694930129,0.0016675489126406844,0.00022431823035800187
59,1.9666666666666666,4.499160126178656,3.062835395583846e-10,51.95886327278143,43.53624347039361,0.0038444216900646723,0.0016066274350982875,0.0002820812148483997
60,2.0,4.178153299081541,2.624773646910926e-10,52.38426133693118,43.431759233645955,0.003903946280326658,0.0016458870403649882,0.00027629675816126677
61,2.033333333333333,3.9725187062092453,3.0236509737350267e-10,45.96496527727872,50.05728336692763,0.0035347386587733613,0.0013469457351043986,0.00035096488815272183
62,2.066666666666667,4.010641825533973,2.757711293176254e-10,46.25485100877758,49.72933975762102,0.0033514169336209486,0.001488606949598012,0.0003273839084279832
63,2.1,2.8987424859513733,1.8611577387342209e-10,35.01960684884063,62.078536437794,0.001863157039290505,0.0008634499986085155,0.000387620189984234
64,2.1333333333333333,3.1866874863684815,1.6980659669419836e-10,38.520208385376016,58.290380820933485,0.001517974048191338,0.0009190827859858133,0.00028625031803993666
65,2.1666666666666665,2.500535819500183,1.240514709905454e-10,28.44388754505087,69.05375522475994,0.0009803033902037604,0.0005132664093447219,0.00032784076540671905
66,2.2,2.5934287997384766,1.2694904668725207e-10,29.269364159251715,68.13536808618059,0.0010114522301203118,0.0005203720264073534,0.000307130445747301
67,2.2333333333333334,2.4988969364661973,9.238723306885742e-11,24.147328015567126,73.35261031523255,0.0005832992804527437,0.00031589005923474996,0.0002655433020585269
68,2.2666666666666666,2.48000718384099,8.982718665534827e-11,25.058406940634338,72.46040802848414,0.0005899756243163245,0.00030057752119842286,0.0002872938051970837
69,2.3,2.5899597607455953,6.936468836948948e-11,21.531476990854365,75.87769948412286,0.0004264330708116307,0.00020872506384329506,0.00022860607316787856
70,2.3333333333333335,2.121942824041165,5.938557913406726e-11,15.724502216146202,82.15299694418908,0.00023643269309401435,0.00011858415756635774,0.00020299871349917697
71,2.3666666666666667,2.441925888890361,1.1617197902881832e-10,14.801446856448699,82.75609479934981,0.00019886960808278094,9.898911753860787e-05,0.00023459646933514673
72,2.4,2.482770672646881,1.0991621740501515e-10,15.425894637290341,82.09077440646992,0.0002315780115743415,0.00011048129720373007,0.0002182241741643358
73,2.433333333333333,2.217488384304839,1.7327560990613212e-10,11.606288065730745,86.1756750130336,0.0001514479450369682,7.008724262686458e-05,0.00032700156988712083
74,2.466666666666667,2.3884315103690716,1.6475907252313954e-10,10.268623463402328,87.34233486408982,0.00012064085529144586,6.842271869210701e-05,0.00042109840003008324
75,2.5,2.2921623045710335,1.1057622433266229e-10,10.309671426069285,87.39747284183011,0.0001413551294265047,7.902633430985761e-05,0.00047304595525814234
76,2.533333333333333,3.21559280977337,9.815123142246763e-11,10.572754118587232,86.21107561602574,0.0001847061346084868,0.00010022397676438118,0.00029252540414088625
77,2.566666666666667,2.6520025650314505,8.632192941912364e-11,10.016063106967673,87.33133892733522,0.00016458508711308028,8.211228170212699e-05,0.0003487032105271723
78,2.6,2.7296390538297963,8.186457184150045e-11,10.168770064117398,87.10103681804362,0.000156217073933919,8.387127125123798e-05,0.0003139755821292749
79,2.6333333333333333,2.7255997779791468,7.88207736352671e-11,10.781660223239541,86.49211758750171,0.00018329717844306123,9.340286800337648e-05,0.0003457111543299013
80,2.6666666666666665,2.2326057791602625,4.491044416053427e-11,7.770217118408107,89.99673884927088,0.0001421377766219401,9.158115037060998e-05,0.00020453418884355375
81,2.7,1.5935378071952593,2.6407145114262535e-11,6.141939729499724,92.26411536341921,0.0001279691667317448,7.493610460264347e-05,0.00020419458807040112
82,2.7333333333333334,0.9463781382412205,1.4246507231777745e-11,5.050089276814457,94.00312525744928,0.00011242226332527097,6.215561228762393e-05,0.00023274960517460322
83,2.7666666666666666,0.9150307744243318,1.3910876483338221e-11,5.9638545690825016,93.12060000112633,0.00017376936737375972,8.818901847732357e-05,0.00025269696707672557
84,2.8,0.9183756291013854,1.3725976786028213e-11,5.679730459037462,93.40139846335784,0.00016983258717659236,8.739965756099915e-05,0.00023821624485020326
85,2.8333333333333335,0.7232958509646376,8.430403930870615e-12,4.539656011167729,94.73667207830577,0.00010951006809212589,6.011345820429692e-05,0.00020643602713799397
86,2.8666666666666667,0.7089732404674672,7.850883646444389e-12,3.6165186241213516,95.6742073885531,8.79473328401633e-05,5.2648887549610915e-05,0.00016015062984997856
87,2.9,0.7295653322269374,8.073360475489804e-12,3.563751328314201,95.70641646562957,6.86267762980139e-05,4.285830415009084e-05,0.00015538874076946948
88,2.933333333333333,0.8854194386498475,1.1972300921105174e-11,4.267167223956767,94.84708140182315,0.00010025616851267472,5.7690668991040175e-05,0.00017398872077275547
89,2.966666666666667,1.0355215277929661,1.3318076099423953e-11,4.230171723731978,94.73398958690163,9.220216316046289e-05,5.227362642241794e-05,0.00017268577052530128
90,3.0,7.368313105797249,7.854205138001066e-09,20.969212993511768,71.64928637677734,0.009790577025062598,0.0018133109635657552,0.001583628070797144
91,3.033333333333333,38.027319643261556,1.3258964557451455e-06,55.85404841430629,5.580194650782153,0.46060412707475673,0.07605851912953256,0.0017733195492598286
92,3.066666666666667,59.9501073616439,4.06630462808531e-06,36.689305321147835,1.87155641695309,1.243929472351769,0.24359750106156836,0.0014998605372094937
93,3.1,66.35467132013221,4.111601553447617e-06,30.663384702262825,1.2583622181571317,1.3201016379507249,0.40192634976867603,0.0015496601268709812
94,3.1333333333333333,71.09597816292286,2.800360555948905e-06,25.686502903777146,1.9329767630613455,0.6654310315271853,0.6153597820924538,0.003748556258454252
95,3.1666666666666665,66.9526549989155,3.391960708711974e-06,26.732887739462598,4.945641184036366,0.5286888006158924,0.8225802931681193,0.017543591840807577
96,3.2,65.33023749543443,7.777776330787987e-06,24.01312304312063,7.969171595963813,0.4283664305048658,2.1959789213357137,0.06311473586422355
97,3.2333333333333334,61.38946309819894,1.2290729292253284e-05,20.908328535999686,12.592121745052456,0.541642764705129,4.4246862822949,0.14374528301959846
98,3.2666666666666666,48.09052867845022,2.2076484289925918e-05,24.312829585374537,10.109057862029115,1.3797597740616232,15.87187622624693,0.23592579735328892
99,3.3,36.19619291514742,2.228930060301005e-05,24.8456163932369,3.7589348661682793,2.758151837583202,32.285407021546575,0.1556746770170197
100,3.3333333333333335,15.816787097125301,1.737718685574505e-05,17.481470342194207,0.37586202882778297,6.713375539105379,59.57460483241776,0.03788278314271386
101,3.3666666666666667,10.436880343152707,1.1696779572025629e-05,14.086078781746437,0.21747014129482417,8.358699483511897,66.880712134878,0.020147418636562445
102,3.4,8.68293639242464,9.858670146507956e-06,13.046661333519074,0.13462143202455074,8.943150131492787,69.17849155609119,0.01412929577761074
103,3.433333333333333,7.556362217418375,6.7946869148084736e-06,10.766225721683039,0.09395189992460785,10.39135275072558,71.18514557009283,0.0069550454686573655
104,3.466666666666667,1.0653494320136931,3.1915189894985484e-06,13.974503199779948,51.74666834619251,2.271812679490198,29.947949563964993,0.9937135870396715
105,3.5,1.527667119979057,5.976875099220148e-06,14.890359159374164,35.38579301326481,2.9094859600663248,44.45767348093579,0.8290152895047531
106,3.533333333333333,2.303752732501146,7.450931788898496e-06,15.835206601371329,19.02318345759312,2.9511797038793,59.33095959205815,0.5557104616651617
107,3.566666666666667,2.368780975123832,7.927320768989035e-06,12.97106196320341,14.793433604277842,2.3733228487073004,67.19421228885862,0.29918039250822803
108,3.6,2.1834422380032867,1.0839148978908005e-05,11.624325819297288,7.891284173663175,2.6965210365820047,75.41793106257751,0.1864848307277564
109,3.6333333333333333,2.5256181638371227,1.727101213410074e-05,10.365159996482678,9.02388047262038,2.8865244547817928,75.03760649007162,0.16119315119426342
110,3.6666666666666665,2.1403871112413544,1.890791704337852e-05,8.59231040161051,9.073172355269108,3.0924612129981424,76.96885931641638,0.13279069454746287
111,3.7,1.9888502151864103,1.321706868590713e-05,7.357854594967531,9.21107853512126,3.285008012626273,78.07877274776823,0.0784226772616155
112,3.7333333333333334,1.410248933526036,6.138319260695166e-06,5.599199092826225,11.901849997002776,2.747128644140186,78.29373204335035,0.047835150835165964
113,3.7666666666666666,1.3611966787745737,5.863666548920084e-06,4.739146322318586,8.607230363094397,2.9935233391025236,82.27308418925942,0.02581324378395674
114,3.8,1.1426111620884434,4.976571000730518e-06,4.217627220232015,10.763915701734184,3.040695794204097,80.81653136698054,0.01861377818972634
115,3.8333333333333335,1.0954484453275506,4.24755061463851e-06,4.414907884289705,15.12053346480187,2.9211038395433304,76.4275314708436,0.02047064764332661
116,3.8666666666666667,1.252627428213478,4.899722791178418e-06,4.920571894527292,21.04459192662801,2.380632537554788,70.37736561900036,0.024205694353287795
117,3.9,1.2355653238980802,5.678250962036913e-06,4.550303397195962,20.981630122352723,2.475075357587806,70.73531557871904,0.02210454199542635
118,3.933333333333333,1.5881998182106973,7.607347505467321e-06,5.185509008365781,32.403101941049314,1.9041517410899056,58.87438550229748,0.04464438163932416
119,3.966666666666667,1.750524234323089,8.162720130374708e-06,4.937948355153572,35.229346968142536,1.6897936242926879,56.34754549369797,0.04483316167000989
120,4.0,1.372223377966957,4.258586178184366e-06,4.200986208628456,46.8036183228116,1.2355396891831725,46.33629110699843,0.05133703582520213
121,4.033333333333333,1.4157650776734576,4.641594010670091e-06,4.30820419814095,48.62102813967884,1.2386548027786841,44.35459301606309,0.06175012407096446
122,4.066666666666666,1.4848110868720632,4.0584729344896075e-06,4.162760731831098,55.38751956421357,0.786489230868468,38.10179745267139,0.07661787507047364
123,4.1,1.2628817469666618,3.878258353164338e-06,4.153467629347593,63.646828070929054,0.7551539787980195,30.048170352841165,0.13349434285915718
124,4.133333333333334,1.127949178322181,1.8448670270660186e-06,3.064734881779342,70.05533622927992,0.45829974421820013,25.180000235388654,0.11367788614467282
125,4.166666666666667,1.4411290448336116,3.1990847908613534e-06,4.305881715661042,57.62268413631717,0.5505152616293598,35.93493469858915,0.14485194388487013
126,4.2,1.1528754616847123,1.8331121821046624e-06,3.7361093605051985,63.69440642606201,0.39109789434886866,30.895153199277797,0.1303558250092354
127,4.233333333333333,0.7591528529812057,8.743021086042597e-07,2.9807041198930797,78.28469575280388,0.13819030194262377,17.632370517827688,0.20488558024941086
128,4.266666666666667,0.5720215395279822,3.226005872689155e-07,2.3111538988660287,82.36765207348704,0.0555039979674099,14.546698666652608,0.14696950089835598
129,4.3,0.6535125335220355,3.6720727747552307e-07,2.7000965094849323,82.30802306140595,0.04062457825495303,14.127740541028992,0.17000240909586845
130,4.333333333333333,0.6987490467877369,3.255802856489335e-07,4.95924710275486,74.66510295606568,0.02188157016545219,19.356622673201336,0.29839632544465317
131,4.366666666666666,0.7520111369293423,2.590327539595064e-07,5.056186454487004,75.96398088471906,0.015193656330186059,17.8525524525682,0.3600751559334569
132,4.4,0.6722416158258386,2.2449900922069302e-07,5.047332766381804,76.37980990321593,0.0158853095286256,17.533821808719296,0.3509083718294954
133,4.433333333333334,0.777133646442007,2.452117395149094e-07,5.664762847939564,66.17296926375322,0.01785225465664912,26.97734829603144,0.3899334459653932
134,4.466666666666667,0.43511569833782715,1.2958444971730696e-07,3.4695612155444575,76.62868886576484,0.016233433508211936,19.170443191270365,0.2799574659898429
135,4.5,0.3160040433981666,9.775474382797803e-08,1.8658828915326295,86.42675442320117,0.016072499340208338,11.204579654566016,0.17070639020706144
136,4.533333333333333,0.37292526224123373,6.582260457813833e-08,1.0468633225699326,92.440885793315,0.021094686441675024,5.989206600272335,0.1290242693372306
137,4.566666666666666,0.27456612507694883,3.1519693257285475e-08,0.8424934415244775,93.78440997951947,0.0406693962413847,4.984818838792509,0.07304218732552978
138,4.6,0.27651312928870087,3.293762061013308e-08,0.826669727027563,93.85137736853123,0.04099646284551691,4.930604030069757,0.07383924929960743
139,4.633333333333334,0.23843607906572384,2.7840223530933332e-08,0.9683087106701084,93.23752174435475,0.03291021735030459,5.446307530357504,0.07651569036137051
140,4.666666666666667,0.2737311928253459,3.928549721605996e-08,0.9461380837524201,92.73719165072009,0.02785871142241891,5.960420119002827,0.05466020299140159
141,4.7,0.26672015005260274,3.587353537665756e-08,0.9288213391389879,92.60736878974697,0.0245846172320885,6.123459827453257,0.049045240502554655
142,4.733333333333333,0.39528249816845934,5.8653648684659144e-08,1.5160322210000943,86.6724611510384,0.032649366811660495,11.344697341889326,0.038877362438398365
143,4.766666666666667,0.29421128472252955,4.113641292154929e-08,1.3948611664065222,88.2284266366332,0.024136793095962655,10.011145139081085,0.04721893892428032
144,4.8,0.27141111665908463,3.9364543937917166e-08,1.28824158030551,89.04338248521194,0.023706885372292007,9.3260136812539,0.047244211832732724
145,4.833333333333333,0.2581578258938986,4.998337387159031e-08,1.4674052853114679,86.26793178026189,0.031770809993627906,11.929576307870661,0.04515794068508595
146,4.866666666666666,0.24707200483406172,6.939127022159809e-08,1.5810239397099408,82.10364011049703,0.03089808103850108,15.99254431479725,0.04482147973195679
147,4.9,0.21472188182670693,6.852715876410992e-08,1.4873954756587267,80.61767468461741,0.029633862316748402,17.617230846780352,0.03334318027289894
148,4.933333333333334,0.21295096453755732,1.2026956470368293e-07,1.9721171498434034,66.19535293652976,0.047452574669197285,31.54287734019264,0.029248913957871492
149,4.966666666666667,0.18596910292703603,1.0416759874481838e-07,2.1938423110593663,58.38419309643418,0.05342274190594129,39.154545214777,0.028027428728868656
150,5.0,0.17595689159875283,1.072586567906247e-07,2.2237460910878077,53.527253506560534,0.05222678847911441,43.99649471286807,0.024321902147063423
151,5.033333333333333,0.24510438903111675,2.320092419247337e-07,2.6323801143686385,49.957921996345654,0.05173500074984416,47.07454450315279,0.03831376434271821
152,5.066666666666666,0.19750604380464376,2.922676763491031e-07,2.3575339435853726,41.11070329596299,0.08224276815152781,56.2250851857926,0.026928470435196434
153,5.1,0.40897610553991565,2.3760239972559606e-06,4.922898853571037,44.67274243868036,0.1183345563387597,49.72425991990179,0.1527857499441384
154,5.133333333333334,0.4728434876213183,4.174428806491058e-06,6.094544127200327,56.34948376688536,0.17325224332142836,36.56494465250066,0.34492754804209796
155,5.166666666666667,0.43344058160670795,3.4971622368043276e-06,6.129777922216205,59.71129884927726,0.25592524427771907,33.01757139065381,0.45198251480605006
156,5.2,0.44010745510744753,3.310944633906355e-06,6.6265811426586385,59.84022980427242,0.23783204616828169,32.332964472891575,0.5222817679570061
157,5.233333333333333,0.30948091685383994,2.0118449643256367e-06,8.408802965330068,43.58162010525331,0.34936994916687486,46.91813889887973,0.432585152671221
158,5.266666666666667,0.3632882937892076,2.953085841590174e-06,12.123914348383808,36.98314586139369,0.3471730145319372,49.52821543792235,0.6542600908931723
159,5.3,0.3783860760379199,6.286162106970807e-06,12.059088955438762,31.77553951556012,0.29848427421304935,54.78694849694678,0.7015463956412735
160,5.333333333333333,0.41615853264939,1.557394755213263e-05,10.886606635001595,30.255983358722,0.26100516076100805,57.3722386070207,0.807992131897751
161,5.366666666666666,0.4700987607806048,3.2249809281011775e-05,10.040100431545703,26.01843223003713,0.27540605162445586,62.47528779271562,0.7206424834872037
162,5.4,0.4549872503098919,2.962824449800751e-05,9.854320235903378,27.284350435244818,0.2555220568636039,61.46274679819334,0.6880435952404652
163,5.433333333333334,0.3642205374011112,3.098285583271106e-05,8.461999334231999,25.639901851738617,0.24925359275328346,64.78138138104417,0.5032123199749846
164,5.466666666666667,0.3583204258146838,3.702192000136959e-05,9.80034030122502,31.30943498236345,0.17903288946900245,57.624477536077045,0.7283568431307926
165,5.5,0.3764988625914527,2.8270031325356035e-05,8.877518783023886,34.35847763095806,0.1988675447546019,55.57510262993027,0.6135062787103991
166,5.533333333333333,0.40742555600827013,2.87251061280355e-05,8.50170124454265,31.17445478082679,0.16447593588073392,59.154309147462236,0.5976046101731868
167,5.566666666666666,0.5414678719268562,6.22996254167962e-05,10.497084267933596,24.913938362385796,0.18916081185803044,63.126951503859615,0.7313348824106878
168,5.6,0.5387795347956456,6.873995304749965e-05,10.481907797393688,22.856367441354358,0.2014837298899227,65.22665850144693,0.6947342551664019
169,5.633333333333334,0.7333328419288548,0.00011851925106804816,11.665569142129952,19.258765445023563,0.1908267371033534,67.40934623355389,0.7420410810093182
170,5.666666666666667,0.9365697167468273,0.00014369515722459944,12.379724981518345,15.450963008637009,0.17196887227372468,70.38422654716864,0.6764031784982291
171,5.7,1.0657508962870597,0.00013208611011144162,12.950310239026704,10.284970057323516,0.19283300689066832,74.91918876299908,0.5868149513628468
172,5.733333333333333,1.1014950522758704,9.839024319536452e-05,10.569815992692913,7.3495195959913815,0.16110243632766766,80.53187091676347,0.28609761570551273
173,5.766666666666667,1.0839603490280822,6.0503041682503586e-05,9.845675209212358,5.879549491740145,0.15953195463198902,82.83283442238289,0.198388069962852
174,5.8,1.1863865174272967,6.919648436686547e-05,10.185721647515608,6.107864905676637,0.14489068707408342,82.15195637321823,0.22311067260377998
175,5.833333333333333,1.424213117509202,0.00011949238822154593,9.551337181893084,5.30164608462425,0.16554480933232313,83.38358299990408,0.1735563143488346
176,5.866666666666666,1.7590638195535337,0.00017162704981684852,9.374631167174465,4.195874543880835,0.18224229513935206,84.32523582044723,0.1627807267547668
177,5.9,1.9683299234994407,0.0003367474877738994,9.328134329170139,2.699801719377873,0.18628497175826242,85.69223942744304,0.12487288126347248
178,5.933333333333334,1.829128790765877,0.0003263360580326943,9.752344757824739,1.748357974377407,0.1843863013019361,86.38053906423542,0.1049167754365877
179,5.966666666666667,1.442609476895502,0.00027446495191503414,8.048762542372454,1.2150873673574416,0.1751837122901615,89.05757248057358,0.06050995555895165
180,6.0,1.1523174270226102,0.00016069667525966477,8.04595371047653,1.0742531359329848,0.12935193075007684,89.53702437384477,0.06093872529776001
181,6.033333333333333,0.9800153972516271,9.002512683119819e-05,5.48503171031345,1.2430323276430593,0.12557959628617626,92.14622871589691,0.020022227481940925
182,6.066666666666666,1.0056462887483875,5.899878949211507e-05,5.296703331786813,1.4481941906225637,0.12605513682647104,92.1014351798892,0.021906873337076978
183,6.1,0.969576456218944,7.062207092283233e-05,6.6513462320861585,1.4596682408997237,0.17573861804369176,90.72094770624064,0.02265212443991725
184,6.133333333333334,0.47594971548376114,5.24783978290139e-05,5.675960323017389,1.43262361787513,0.17691095101349097,92.21823191430823,0.02027099990417024
185,6.166666666666667,0.3433783087079037,4.396166023159927e-05,4.248376123644079,1.6505751083136115,0.28474610018241775,93.45774726603938,0.015133131452379104
186,6.2,0.31109507244864254,4.0959885921979953e-05,4.086928632110776,1.6745255175833755,0.2951994675537413,93.618743003357,0.013467347060541868
187,6.233333333333333,0.39855508122946715,4.219598492594322e-05,4.679273549506108,2.5101351200128184,0.23655014193265148,92.15651963408682,0.018924277247213312
188,6.266666666666667,0.2761123066303514,1.5003219786694656e-05,3.9644529465270133,2.0600757224834827,0.19784484703398825,93.49046966123153,0.011029512873846022
189,6.3,0.3056202344827996,1.9689558609619767e-05,4.71781161305907,1.9245047299635967,0.11537068164151028,92.91910018740649,0.017572863887927496
190,6.333333333333333,0.31792986253577094,1.0961552427227617e-05,4.2894034384495825,1.7583911749308094,0.12604302841705517,93.48900654113153,0.019214992982834248
191,6.366666666666666,0.4346221471291845,1.2880601550284335e-05,4.321468036065139,1.7069039025417712,0.12239333570526671,93.38736074043456,0.02723895752253867
192,6.4,0.4318301439085032,1.2693335431773757e-05,4.318060971603331,1.7088563610766303,0.12086055584961201,93.39343631084043,0.026942963386066675
193,6.433333333333334,0.41034046123824425,1.2427307615168005e-05,3.804133964649317,1.5476506741225609,0.09671866764206886,94.11276905947497,0.028374745565225696
194,6.466666666666667,0.28083222002348823,9.463872105947148e-06,3.198421855609267,1.1601393086917788,0.05307524260743804,95.29313852379276,0.014383385403152878
195,6.5,0.2887291488374229,1.0202817860379576e-05,3.2983982446930833,1.684709894802373,0.059234673529423194,94.64956320227286,0.019354633046984492
196,6.533333333333333,0.27336194489243376,8.467008523513657e-06,3.1359441933199874,1.5752367853532192,0.052470091625529194,94.94540798800276,0.017570529797541822
197,6.566666666666666,0.28773773026236893,1.073198510156447e-05,3.436023206230933,1.4323384752045716,0.05319668309483565,94.7678640176465,0.022829155575694312
198,6.6,0.31128035148666167,1.197698393598079e-05,3.7829079569271595,1.5998861174418473,0.05333533744757414,94.22102778594821,0.03155047376461439
199,6.633333333333334,0.3055307520919768,7.892067618926307e-06,3.2838018954504786,1.9216568568888124,0.08825448468904917,94.37137880124085,0.02936931757120717
200,6.666666666666667,0.33099086267232913,7.2933708437412255e-06,3.603223669372552,2.390491064208885,0.1033597953470657,93.53570604346692,0.036221271561408884
201,6.7,0.4435145951228303,1.4109988031739621e-05,4.57003013636643,2.877677797844013,0.1375562076459277,91.90616631259132,0.06504084044143389
202,6.733333333333333,0.455502630219122,2.7836402699789133e-05,5.3942621576422445,2.510281292136437,0.14008186810415613,91.40507192519077,0.09477229030457349
203,6.766666666666667,0.5160962854285076,6.626838941782746e-05,5.60976656473387,1.640350607817231,0.16120304844446048,92.0087663536506,0.0637508715359166
204,6.8,0.516965788620793,6.68953345150092e-05,5.621540299350878,1.6365476011499052,0.16129848632124008,91.99987231959105,0.06370860963161654
205,6.833333333333333,0.5715126184013756,9.278015247186996e-05,5.341459822234876,0.5550887447626682,0.17887435426334727,93.32637806960008,0.026593610585185806
206,6.866666666666666,0.22780650509302328,2.1973681653509237e-05,3.731934312479547,0.2642906707384206,0.13032448334063162,95.64114107327362,0.004480981393106666
207,6.9,0.1433317551787323,5.456954363660943e-06,2.1389691192865015,0.3298152010501779,0.45187180001777466,96.93434253722344,0.0016641302889964713
208,6.933333333333334,0.09393033978647368,1.8999418936615997e-06,2.0178828374659292,0.5122454826286501,0.36134835232066387,97.0128982453435,0.0016928425128907001
209,6.966666666666667,0.08111495646503664,2.5866353295388723e-06,2.081442908638431,0.4552591864774956,0.17047059232542644,97.21110647163484,0.0006032978234406065
210,7.0,0.08455131218990247,2.848694738878155e-06,2.1194754320347053,0.45440039655146247,0.17187841944787183,97.16908743499091,0.0006041560903980365
211,7.033333333333333,0.061739568398848574,2.453744125913263e-06,1.7376571809677839,0.4095133347511247,0.09192740903550657,97.69896076778639,0.00019928531621947232
212,7.066666666666666,0.05090749896839522,1.5366011964465953e-06,1.4747434591314512,0.4069552164092628,0.0876520716864815,97.97964315171414,9.706548906163417e-05
213,7.1,0.03875390827316356,1.0126175954072423e-06,1.0760751140764542,0.37923966013346194,0.09061344552205763,98.41528157978355,3.527959371641201e-05
214,7.133333333333334,0.030436235525704174,5.676832725014208e-07,0.9474784041322811,0.35104343783178527,0.09273262601992216,98.57828518780026,2.354100677562454e-05
215,7.166666666666667,0.03612017604812024,6.238877467362237e-07,0.9257158070285477,0.293437019072028,0.1054045944582768,98.63929937892468,2.2400580597705495e-05
216,7.2,0.036930774600261534,6.420487965185963e-07,0.9140907237202502,0.3205296251670558,0.10683511364330284,98.62158710351537,2.6017304953388576e-05
217,7.233333333333333,0.029924010756577975,5.055811181713833e-07,0.9986584776920474,0.22356717111905933,0.08574129482864902,98.66209075712946,1.7782893089902735e-05
218,7.266666666666667,0.02439809560107844,6.181925057772292e-07,0.8581657704886682,0.20557564696000483,0.08460237108972907,98.82723471345489,2.2784213124915547e-05
219,7.3,0.022791021963492242,7.198002226375285e-07,0.826687886120511,0.18374486877756666,0.08279597352371407,98.88396321235155,1.6317462950054112e-05
220,7.333333333333333,0.027904247335972465,9.633468508758417e-07,0.8662972037447378,0.17996855309959742,0.06891354122308284,98.85687186946517,4.36217845976652e-05
221,7.366666666666666,0.04574423090571385,1.1245172118739443e-06,1.1578249050901186,0.1734634058858769,0.06008509302695639,98.56280689587823,7.434469589419354e-05
222,7.4,0.04240049164429,9.963384780948665e-07,1.1150000613635287,0.17047300929787781,0.06024937609304795,98.61180183377179,7.423149097671111e-05
223,7.433333333333334,0.04148916828518459,7.084927149400768e-07,1.1799946157375827,0.18840314156533056,0.05560156296388428,98.53443277944162,7.802351368561437e-05
224,7.466666666666667,0.05126676636873546,7.956947444635462e-07,1.400137969362531,0.24245340114189173,0.05899769781440706,98.24697298724524,0.00017038237244786347
225,7.5,0.07223471048347704,1.8691326974925301e-06,1.8235442423618649,0.3386783622776261,0.06271200059828339,97.70210988787066,0.0007189272753966282
226,7.533333333333333,0.13781434743293014,3.4229268069330952e-06,2.7783030870631364,0.6374305204444498,0.060935553533069134,96.38141422141986,0.004098847179748165
227,7.566666666666666,0.16866840235587735,3.248148067109949e-06,2.8948302057282507,0.7461915851732657,0.05626943869844927,96.12797655599293,0.006060563903151222
228,7.6,0.16976408654240557,3.2490511602658165e-06,2.883914111996376,0.749417254428828,0.0568580406045604,96.1339831002767,0.006060157099980446
229,7.633333333333334,0.5152877958648814,3.114290667722829e-05,4.247708294791216,0.5841757656796914,0.14306290614270994,94.47790856076129,0.031825533853527425
230,7.666666666666667,1.091841616983551,0.00012384295084294766,5.091131084839233,0.2997648437591759,0.29602621255394956,93.18846339555841,0.0326490033548259
231,7.7,1.989254239790027,0.0004435493989598683,6.143691778661905,0.15997599346040664,0.5432924405559838,91.13572306126336,0.02761893686935455
232,7.733333333333333,2.7904100250613304,0.00041864588915568077,6.1979561422139176,0.03643785494748662,0.917453178506214,90.04599306828096,0.01133108510093634
233,7.766666666666667,1.8486150261709724,8.569183780877317e-05,4.81295490864901,0.024793580234832333,0.6446704030383696,92.66285031338171,0.0060300766872981885
234,7.8,2.0927203908782706,5.9371269089138055e-05,5.6490543168980745,0.018827865866212785,0.4686712355954754,91.7640846708334,0.006582148659477854
235,7.833333333333333,1.9650616211057543,6.938722167585364e-05,5.590339723351491,0.1576166836674379,0.6736651513196114,91.5940398131886,0.019207620145430756
236,7.866666666666666,1.6875550847152094,6.576687768170031e-05,5.446223394274955,0.18150083072567877,0.7982358665798703,91.86562082717097,0.020798229655632338
237,7.9,2.4966320196516603,0.0002924618249704975,7.9065569294832105,0.5660673642770784,1.473749532365864,87.47463883180717,0.08206286059003925
238,7.933333333333334,2.4018783299157866,0.0002850400072090305,9.836489779660242,0.5549263715626547,1.6778791446850931,85.41405263850918,0.11448869565983885
239,7.966666666666667,2.0728880832728267,0.0001801061810519457,8.466648430176193,0.6498213483662566,2.3611562660515273,86.36516454782273,0.08414121812941873
240,8.0,2.4488513155826923,0.00022796268833960676,9.387598435254045,0.9538292963034317,2.416984806467877,84.64291395545405,0.1495942282495703
241,8.033333333333333,3.245528484377855,0.0011097403568246988,13.225072905633914,0.7113767008897317,1.6226603065873733,80.84147149666178,0.3527803654925213
242,8.066666666666666,3.2358400477310645,0.0015055796189960458,12.897805851103799,0.5736447862514155,1.1597047543304733,81.90275418947127,0.2287447914929789
243,8.1,3.821058634671292,0.0029969684461473235,15.703660509992467,0.4166283248129135,0.4382834842429276,79.37894595106802,0.23842612676624209
244,8.133333333333333,3.349567318795923,0.001793092148680184,15.014155720427974,0.5978301836762918,0.37415182560947646,80.44685399342943,0.21564786591223425
245,8.166666666666666,2.5284452013204533,0.0018207137802508041,13.164174374171733,0.6271933584108007,0.23874693684737097,83.29213146094988,0.14748795451951416
246,8.2,1.980207105101103,0.0011469787690962644,13.282191684228975,1.1317695432086288,0.18696845411760077,83.2249517875763,0.19276444699828382
247,8.233333333333333,1.1781302159848983,0.0002918135324505367,8.74683768122867,2.5589635493370646,0.09951495551555392,87.34826450410492,0.06799728029643692
248,8.266666666666667,1.5795613973521108,0.0006026306664014601,9.568889822590899,7.585640710061105,0.10554864603802633,80.98798684225822,0.17176995103323836
249,8.3,1.1665329368428954,0.0002833334071579414,7.944763362364249,15.39431043344327,0.11454765698835699,75.21951223248324,0.16005004447082744
250,8.333333333333334,0.9565231163868155,0.0001888021441100141,8.311819897679666,24.010123591742087,0.11102461375771758,66.42765892321133,0.1826610550782869
251,8.366666666666667,0.7706863988235892,6.282949467512625e-05,7.55655067225596,40.62762409232892,0.06431102865713811,50.80964974697103,0.17111523146868826
252,8.4,0.7051710019944128,4.5540767120664945e-05,7.285428772161071,49.01380525433218,0.04703344007565393,42.73487317706167,0.21364281360788992
253,8.433333333333334,0.33775096566876445,5.336150556344954e-06,4.733720590629227,75.00157623771182,0.017350368471324235,19.68974541319863,0.21985108816967983
